 400 0.0410 0.0002
 401 0.0410 0.0002
 402 0.0411 0.0002
 403 0.0411 0.0002
 404 0.0412 0.0002
 405 0.0413 0.0002
 406 0.0414 0.0002
 407 0.0415 0.0002
 408 0.0417 0.0002
 409 0.0418 0.0002
 410 0.0419 0.0002
 411 0.0420 0.0002
 412 0.0421 0.0002
 413 0.0423 0.0002
 414 0.0424 0.0002
 415 0.0426 0.0002
 416 0.0427 0.0002
 417 0.0429 0.0002
 418 0.0430 0.0002
 419 0.0432 0.0002
 420 0.0433 0.0002
 421 0.0435 0.0002
 422 0.0436 0.0002
 423 0.0438 0.0002
 424 0.0439 0.0002
 425 0.0441 0.0002
 426 0.0443 0.0002
 427 0.0444 0.0002
 428 0.0444 0.0002
 429 0.0446 0.0002
 430 0.0447 0.0002
 431 0.0447 0.0002
 432 0.0448 0.0002
 433 0.0449 0.0002
 434 0.0450 0.0002
 435 0.0451 0.0002
 436 0.0451 0.0002
 437 0.0452 0.0002
 438 0.0452 0.0002
 439 0.0453 0.0002
 440 0.0453 0.0003
 441 0.0454 0.0003
 442 0.0454 0.0003
 443 0.0454 0.0003
 444 0.0454 0.0003
 445 0.0455 0.0003
 446 0.0454 0.0004
 447 0.0454 0.0004
 448 0.0454 0.0004
 449 0.0453 0.0005
 450 0.0453 0.0005
 451 0.0452 0.0006
 452 0.0452 0.0006
 453 0.0451 0.0007
 454 0.0450 0.0008
 455 0.0449 0.0008
 456 0.0449 0.0009
 457 0.0448 0.0010
 458 0.0447 0.0010
 459 0.0446 0.0011
 460 0.0445 0.0012
 461 0.0444 0.0012
 462 0.0444 0.0013
 463 0.0443 0.0013
 464 0.0442 0.0014
 465 0.0441 0.0014
 466 0.0440 0.0015
 467 0.0439 0.0016
 468 0.0439 0.0016
 469 0.0438 0.0016
 470 0.0438 0.0017
 471 0.0438 0.0017
 472 0.0437 0.0018
 473 0.0437 0.0018
 474 0.0436 0.0018
 475 0.0436 0.0018
 476 0.0436 0.0019
 477 0.0435 0.0019
 478 0.0435 0.0019
 479 0.0434 0.0020
 480 0.0434 0.0020
 481 0.0433 0.0021
 482 0.0433 0.0022
 483 0.0432 0.0022
 484 0.0431 0.0024
 485 0.0430 0.0025
 486 0.0429 0.0026
 487 0.0427 0.0028
 488 0.0426 0.0030
 489 0.0424 0.0033
 490 0.0422 0.0036
 491 0.0419 0.0039
 492 0.0417 0.0043
 493 0.0414 0.0047
 494 0.0411 0.0051
 495 0.0408 0.0057
 496 0.0405 0.0063
 497 0.0402 0.0069
 498 0.0399 0.0077
 499 0.0396 0.0085
 500 0.0393 0.0094
 501 0.0390 0.0104
 502 0.0388 0.0115
 503 0.0385 0.0127
 504 0.0383 0.0140
 505 0.0380 0.0154
 506 0.0379 0.0169
 507 0.0377 0.0185
 508 0.0376 0.0202
 509 0.0376 0.0221
 510 0.0376 0.0240
 511 0.0377 0.0261
 512 0.0378 0.0283
 513 0.0380 0.0307
 514 0.0383 0.0330
 515 0.0387 0.0356
 516 0.0391 0.0381
 517 0.0396 0.0407
 518 0.0401 0.0433
 519 0.0407 0.0459
 520 0.0413 0.0485
 521 0.0420 0.0511
 522 0.0427 0.0536
 523 0.0434 0.0560
 524 0.0441 0.0583
 525 0.0448 0.0604
 526 0.0455 0.0624
 527 0.0461 0.0643
 528 0.0467 0.0659
 529 0.0473 0.0674
 530 0.0478 0.0688
 531 0.0483 0.0701
 532 0.0488 0.0713
 533 0.0492 0.0723
 534 0.0496 0.0732
 535 0.0499 0.0740
 536 0.0502 0.0747
 537 0.0504 0.0753
 538 0.0507 0.0758
 539 0.0509 0.0762
 540 0.0510 0.0766
 541 0.0512 0.0769
 542 0.0513 0.0772
 543 0.0514 0.0775
 544 0.0515 0.0777
 545 0.0516 0.0780
 546 0.0517 0.0783
 547 0.0518 0.0787
 548 0.0519 0.0790
 549 0.0520 0.0794
 550 0.0521 0.0797
 551 0.0522 0.0799
 552 0.0522 0.0801
 553 0.0522 0.0802
 554 0.0521 0.0803
 555 0.0521 0.0803
 556 0.0519 0.0802
 557 0.0517 0.0800
 558 0.0515 0.0797
 559 0.0513 0.0793
 560 0.0510 0.0789
 561 0.0507 0.0785
 562 0.0504 0.0780
 563 0.0500 0.0773
 564 0.0496 0.0766
 565 0.0492 0.0758
 566 0.0487 0.0749
 567 0.0483 0.0740
 568 0.0478 0.0729
 569 0.0472 0.0718
 570 0.0467 0.0706
 571 0.0462 0.0694
 572 0.0456 0.0682
 573 0.0451 0.0670
 574 0.0447 0.0659
 575 0.0442 0.0648
 576 0.0438 0.0637
 577 0.0434 0.0627
 578 0.0430 0.0618
 579 0.0426 0.0609
 580 0.0423 0.0601
 581 0.0420 0.0593
 582 0.0417 0.0586
 583 0.0415 0.0579
 584 0.0412 0.0572
 585 0.0410 0.0567
 586 0.0408 0.0561
 587 0.0406 0.0556
 588 0.0404 0.0551
 589 0.0403 0.0547
 590 0.0401 0.0543
 591 0.0400 0.0540
 592 0.0399 0.0537
 593 0.0398 0.0534
 594 0.0397 0.0532
 595 0.0396 0.0531
 596 0.0395 0.0529
 597 0.0395 0.0528
 598 0.0394 0.0526
 599 0.0393 0.0524
 600 0.0392 0.0523
 601 0.0391 0.0520
 602 0.0390 0.0517
 603 0.0389 0.0514
 604 0.0388 0.0509
 605 0.0386 0.0505
 606 0.0384 0.0499
 607 0.0382 0.0493
 608 0.0380 0.0486
 609 0.0378 0.0478
 610 0.0376 0.0470
 611 0.0374 0.0462
 612 0.0372 0.0454
 613 0.0370 0.0446
 614 0.0368 0.0437
 615 0.0366 0.0429
 616 0.0364 0.0421
 617 0.0362 0.0414
 618 0.0361 0.0407
 619 0.0359 0.0401
 620 0.0358 0.0395
 621 0.0357 0.0391
 622 0.0356 0.0387
 623 0.0356 0.0384
 624 0.0355 0.0381
 625 0.0354 0.0379
 626 0.0354 0.0377
 627 0.0354 0.0377
 628 0.0353 0.0376
 629 0.0353 0.0376
 630 0.0353 0.0375
 631 0.0352 0.0375
 632 0.0352 0.0373
 633 0.0352 0.0371
 634 0.0351 0.0367
 635 0.0350 0.0362
 636 0.0349 0.0357
 637 0.0348 0.0349
 638 0.0347 0.0340
 639 0.0346 0.0330
 640 0.0345 0.0319
 641 0.0343 0.0308
 642 0.0342 0.0296
 643 0.0341 0.0283
 644 0.0341 0.0271
 645 0.0340 0.0259
 646 0.0340 0.0248
 647 0.0340 0.0237
 648 0.0340 0.0227
 649 0.0340 0.0219
 650 0.0340 0.0211
 651 0.0340 0.0204
 652 0.0340 0.0199
 653 0.0341 0.0193
 654 0.0341 0.0187
 655 0.0342 0.0180
 656 0.0343 0.0174
 657 0.0344 0.0166
 658 0.0345 0.0157
 659 0.0346 0.0148
 660 0.0348 0.0138
 661 0.0351 0.0129
 662 0.0353 0.0119
 663 0.0357 0.0110
 664 0.0360 0.0101
 665 0.0363 0.0093
 666 0.0367 0.0086
 667 0.0371 0.0080
 668 0.0375 0.0075
 669 0.0379 0.0071
 670 0.0383 0.0067
 671 0.0386 0.0065
 672 0.0390 0.0063
 673 0.0393 0.0062
 674 0.0397 0.0061
 675 0.0400 0.0061
 676 0.0404 0.0061
 677 0.0407 0.0062
 678 0.0410 0.0063
 679 0.0413 0.0066
 680 0.0415 0.0070
 681 0.0416 0.0075
 682 0.0416 0.0082
 683 0.0414 0.0092
 684 0.0411 0.0106
 685 0.0406 0.0124
 686 0.0401 0.0147
 687 0.0396 0.0177
 688 0.0391 0.0215
 689 0.0389 0.0261
 690 0.0389 0.0316
 691 0.0394 0.0380
 692 0.0404 0.0454
 693 0.0419 0.0536
 694 0.0440 0.0626
 695 0.0468 0.0723
 696 0.0501 0.0825
 697 0.0541 0.0930
 698 0.0585 0.1038
 699 0.0634 0.1147
 700 0.0687 0.1256
 701 0.0743 0.1363
 702 0.0800 0.1467
 703 0.0860 0.1569
 704 0.0919 0.1667
 705 0.0979 0.1761
 706 0.1039 0.1851
 707 0.1099 0.1939
 708 0.1159 0.2023
 709 0.1219 0.2104
 710 0.1278 0.2184
 711 0.1337 0.2260
 712 0.1396 0.2334
 713 0.1454 0.2407
 714 0.1513 0.2477
 715 0.1570 0.2546
 716 0.1628 0.2613
 717 0.1684 0.2678
 718 0.1740 0.2740
 719 0.1795 0.2802
 720 0.1850 0.2862
 721 0.1903 0.2920
 722 0.1955 0.2976
 723 0.2006 0.3030
 724 0.2056 0.3082
 725 0.2105 0.3132
 726 0.2151 0.3180
 727 0.2197 0.3227
 728 0.2241 0.3272
 729 0.2284 0.3315
 730 0.2325 0.3357
 731 0.2365 0.3396
 732 0.2403 0.3434
 733 0.2440 0.3471
 734 0.2475 0.3506
 735 0.2509 0.3539
 736 0.2541 0.3571
 737 0.2572 0.3602
 738 0.2601 0.3632
 739 0.2630 0.3660
 740 0.2657 0.3688
 741 0.2681 0.3713
 742 0.2705 0.3737
 743 0.2727 0.3760
 744 0.2748 0.3782
 745 0.2769 0.3804
 746 0.2788 0.3824
 747 0.2806 0.3844
 748 0.2824 0.3864
 749 0.2841 0.3882
 750 0.2856 0.3900
 751 0.2871 0.3916
 752 0.2885 0.3933
 753 0.2900 0.3949
 754 0.2914 0.3965
 755 0.2927 0.3981
 756 0.2941 0.3996
 757 0.2954 0.4012
 758 0.2966 0.4027
 759 0.2979 0.4042
 760 0.2991 0.4057
 761 0.3003 0.4070
 762 0.3014 0.4084
 763 0.3025 0.4097
 764 0.3035 0.4110
 765 0.3046 0.4123
 766 0.3056 0.4136
 767 0.3066 0.4148
 768 0.3075 0.4161
 769 0.3085 0.4173
 770 0.3094 0.4184
 771 0.3104 0.4196
 772 0.3113 0.4209
 773 0.3122 0.4220
 774 0.3131 0.4232
 775 0.3140 0.4243
 776 0.3149 0.4255
 777 0.3157 0.4266
 778 0.3166 0.4277
 779 0.3174 0.4288
 780 0.3182 0.4298
 781 0.3189 0.4307
 782 0.3196 0.4316
 783 0.3203 0.4325
 784 0.3209 0.4334
 785 0.3216 0.4343
 786 0.3223 0.4353
 787 0.3230 0.4362
 788 0.3237 0.4371
 789 0.3244 0.4381
 790 0.3251 0.4389
 791 0.3258 0.4398
 792 0.3264 0.4406
 793 0.3270 0.4414
 794 0.3277 0.4423
 795 0.3283 0.4431
 796 0.3290 0.4440
 797 0.3296 0.4448
 798 0.3302 0.4457
 799 0.3309 0.4465
 800 0.3316 0.4474
 801 0.3321 0.4481
 802 0.3327 0.4489
 803 0.3333 0.4497
 804 0.3339 0.4505
 805 0.3345 0.4513
 806 0.3351 0.4521
 807 0.3357 0.4529
 808 0.3363 0.4537
 809 0.3370 0.4545
 810 0.3376 0.4553
 811 0.3381 0.4559
 812 0.3386 0.4566
 813 0.3392 0.4573
 814 0.3397 0.4580
 815 0.3402 0.4587
 816 0.3407 0.4594
 817 0.3413 0.4601
 818 0.3418 0.4608
 819 0.3423 0.4615
 820 0.3429 0.4622
 821 0.3433 0.4628
 822 0.3438 0.4634
 823 0.3443 0.4641
 824 0.3447 0.4647
 825 0.3452 0.4654
 826 0.3456 0.4660
 827 0.3461 0.4666
 828 0.3466 0.4672
 829 0.3470 0.4678
 830 0.3475 0.4685
 831 0.3479 0.4690
 832 0.3483 0.4696
 833 0.3487 0.4701
 834 0.3492 0.4707
 835 0.3496 0.4712
 836 0.3500 0.4718
 837 0.3504 0.4724
 838 0.3509 0.4730
 839 0.3513 0.4735
 840 0.3517 0.4741
 841 0.3521 0.4747
 842 0.3525 0.4752
 843 0.3529 0.4758
 844 0.3533 0.4763
 845 0.3537 0.4768
 846 0.3541 0.4774
 847 0.3545 0.4779
 848 0.3549 0.4785
 849 0.3553 0.4790
 850 0.3557 0.4796
 851 0.3561 0.4801
 852 0.3564 0.4805
 853 0.3568 0.4810
 854 0.3571 0.4815
 855 0.3575 0.4820
 856 0.3578 0.4825
 857 0.3582 0.4829
 858 0.3585 0.4834
 859 0.3589 0.4839
 860 0.3592 0.4844
 861 0.3595 0.4849
 862 0.3598 0.4853
 863 0.3601 0.4858
 864 0.3604 0.4862
 865 0.3608 0.4866
 866 0.3611 0.4870
 867 0.3614 0.4874
 868 0.3617 0.4878
 869 0.3620 0.4882
 870 0.3623 0.4887
 871 0.3626 0.4890
 872 0.3628 0.4895
 873 0.3631 0.4899
 874 0.3633 0.4902
 875 0.3636 0.4906
 876 0.3639 0.4910
 877 0.3641 0.4914
 878 0.3644 0.4918
 879 0.3646 0.4922
 880 0.3649 0.4926
 881 0.3651 0.4929
 882 0.3653 0.4933
 883 0.3656 0.4936
 884 0.3658 0.4940
 885 0.3660 0.4943
 886 0.3662 0.4947
 887 0.3664 0.4950
 888 0.3667 0.4954
 889 0.3669 0.4957
 890 0.3671 0.4961
 891 0.3673 0.4964
 892 0.3674 0.4967
 893 0.3676 0.4970
 894 0.3678 0.4973
 895 0.3680 0.4976
 896 0.3681 0.4979
 897 0.3683 0.4982
 898 0.3685 0.4985
 899 0.3686 0.4988
 900 0.3688 0.4990
 901 0.3690 0.4993
 902 0.3690 0.4995
 903 0.3692 0.4997
 904 0.3693 0.4999
 905 0.3694 0.5002
 906 0.3695 0.5003
 907 0.3696 0.5006
 908 0.3697 0.5008
 909 0.3698 0.5010
 910 0.3699 0.5012
 911 0.3700 0.5015
 912 0.3701 0.5016
 913 0.3701 0.5018
 914 0.3703 0.5020
 915 0.3704 0.5022
 916 0.3704 0.5025
 917 0.3705 0.5026
 918 0.3706 0.5028
 919 0.3707 0.5030
 920 0.3707 0.5032
 921 0.3708 0.5034
 922 0.3708 0.5035
 923 0.3708 0.5037
 924 0.3709 0.5038
 925 0.3709 0.5040
 926 0.3710 0.5042
 927 0.3710 0.5043
 928 0.3710 0.5044
 929 0.3709 0.5044
 930 0.3710 0.5045
 931 0.3710 0.5046
 932 0.3710 0.5048
 933 0.3710 0.5049
 934 0.3710 0.5051
 935 0.3710 0.5052
 936 0.3709 0.5051
 937 0.3708 0.5051
 938 0.3708 0.5052
 939 0.3708 0.5053
 940 0.3707 0.5054
 941 0.3704 0.5053
 942 0.3703 0.5053
 943 0.3703 0.5054
 944 0.3702 0.5054
 945 0.3700 0.5053
 946 0.3699 0.5053
 947 0.3699 0.5052
 948 0.3698 0.5052
 949 0.3696 0.5050
 950 0.3690 0.5045
 951 0.3687 0.5043
 952 0.3685 0.5042
 953 0.3682 0.5041
 954 0.3679 0.5038
 955 0.3676 0.5035
 956 0.3674 0.5034
 957 0.3672 0.5032
 958 0.3670 0.5031
 959 0.3669 0.5031
 960 0.3668 0.5029
 961 0.3665 0.5028
 962 0.3664 0.5028
 963 0.3664 0.5030
 964 0.3665 0.5031
 965 0.3665 0.5032
 966 0.3665 0.5033
 967 0.3666 0.5034
 968 0.3667 0.5036
 969 0.3668 0.5037
 970 0.3669 0.5038
 971 0.3670 0.5039
 972 0.3670 0.5041
 973 0.3670 0.5043
 974 0.3671 0.5045
 975 0.3672 0.5046
 976 0.3673 0.5048
 977 0.3674 0.5050
 978 0.3675 0.5053
 979 0.3676 0.5055
 980 0.3677 0.5058
 981 0.3678 0.5061
 982 0.3680 0.5063
 983 0.3681 0.5066
 984 0.3683 0.5068
 985 0.3684 0.5070
 986 0.3686 0.5072
 987 0.3689 0.5074
 988 0.3691 0.5076
 989 0.3693 0.5079
 990 0.3695 0.5081
 991 0.3697 0.5084
 992 0.3699 0.5087
 993 0.3701 0.5091
 994 0.3702 0.5094
 995 0.3704 0.5097
 996 0.3706 0.5101
 997 0.3708 0.5104
 998 0.3709 0.5107
 999 0.3711 0.5110
1000 0.3713 0.5113
1001 0.3715 0.5117
1002 0.3717 0.5121
1003 0.3719 0.5124
1004 0.3721 0.5126
1005 0.3723 0.5129
1006 0.3725 0.5132
1007 0.3728 0.5135
1008 0.3730 0.5138
1009 0.3732 0.5142
1010 0.3735 0.5145
1011 0.3737 0.5148
1012 0.3739 0.5152
1013 0.3741 0.5155
1014 0.3743 0.5158
1015 0.3745 0.5160
1016 0.3747 0.5163
1017 0.3749 0.5167
1018 0.3751 0.5170
1019 0.3753 0.5173
1020 0.3755 0.5177
1021 0.3757 0.5181
1022 0.3759 0.5184
1023 0.3761 0.5187
1024 0.3763 0.5190
1025 0.3765 0.5193
1026 0.3766 0.5196
1027 0.3768 0.5199
1028 0.3770 0.5202
1029 0.3773 0.5205
1030 0.3775 0.5208
1031 0.3776 0.5210
1032 0.3778 0.5212
1033 0.3779 0.5214
1034 0.3781 0.5216
1035 0.3783 0.5219
1036 0.3785 0.5221
1037 0.3787 0.5223
1038 0.3789 0.5226
1039 0.3790 0.5228
1040 0.3792 0.5231
1041 0.3793 0.5234
1042 0.3794 0.5236
1043 0.3795 0.5239
1044 0.3796 0.5241
1045 0.3797 0.5243
1046 0.3799 0.5244
1047 0.3800 0.5247
1048 0.3801 0.5249
1049 0.3803 0.5251
1050 0.3804 0.5252
1051 0.3805 0.5254
1052 0.3805 0.5257
1053 0.3806 0.5259
1054 0.3807 0.5261
1055 0.3808 0.5262
1056 0.3809 0.5263
1057 0.3810 0.5264
1058 0.3810 0.5266
1059 0.3811 0.5267
1060 0.3812 0.5269
1061 0.3812 0.5270
1062 0.3812 0.5272
1063 0.3813 0.5273
1064 0.3813 0.5274
1065 0.3814 0.5275
1066 0.3815 0.5275
1067 0.3815 0.5276
1068 0.3816 0.5277
1069 0.3816 0.5278
1070 0.3816 0.5279
1071 0.3816 0.5280
1072 0.3816 0.5281
1073 0.3816 0.5282
1074 0.3816 0.5283
1075 0.3816 0.5284
1076 0.3815 0.5285
1077 0.3815 0.5285
1078 0.3815 0.5287
1079 0.3815 0.5287
1080 0.3815 0.5288
1081 0.3814 0.5288
1082 0.3814 0.5289
1083 0.3813 0.5289
1084 0.3813 0.5288
1085 0.3812 0.5289
1086 0.3812 0.5289
1087 0.3811 0.5290
1088 0.3811 0.5290
1089 0.3810 0.5290
1090 0.3808 0.5290
1091 0.3808 0.5290
1092 0.3807 0.5290
1093 0.3806 0.5290
1094 0.3806 0.5290
1095 0.3805 0.5289
1096 0.3804 0.5289
1097 0.3802 0.5289
1098 0.3800 0.5289
1099 0.3799 0.5288
1100 0.3799 0.5288
1101 0.3798 0.5288
1102 0.3797 0.5288
1103 0.3795 0.5287
1104 0.3794 0.5287
1105 0.3794 0.5286
1106 0.3792 0.5287
1107 0.3791 0.5286
1108 0.3789 0.5285
1109 0.3789 0.5285
1110 0.3788 0.5283
1111 0.3787 0.5283
1112 0.3786 0.5281
1113 0.3785 0.5280
1114 0.3785 0.5280
1115 0.3785 0.5281
1116 0.3784 0.5281
1117 0.3783 0.5280
1118 0.3781 0.5280
1119 0.3779 0.5279
1120 0.3778 0.5279
1121 0.3776 0.5278
1122 0.3774 0.5277
1123 0.3772 0.5276
1124 0.3770 0.5275
1125 0.3769 0.5274
1126 0.3767 0.5272
1127 0.3763 0.5269
1128 0.3759 0.5265
1129 0.3756 0.5263
1130 0.3754 0.5260
1131 0.3750 0.5257
1132 0.3743 0.5251
1133 0.3736 0.5244
1134 0.3730 0.5238
1135 0.3725 0.5232
1136 0.3719 0.5227
1137 0.3714 0.5221
1138 0.3707 0.5214
1139 0.3698 0.5205
1140 0.3686 0.5193
1141 0.3675 0.5181
1142 0.3667 0.5173
1143 0.3659 0.5165
1144 0.3650 0.5156
1145 0.3637 0.5143
1146 0.3624 0.5131
1147 0.3615 0.5122
1148 0.3608 0.5115
1149 0.3602 0.5110
1150 0.3596 0.5103
1151 0.3588 0.5096
1152 0.3580 0.5088
1153 0.3573 0.5081
1154 0.3566 0.5075
1155 0.3562 0.5071
1156 0.3559 0.5069
1157 0.3557 0.5066
1158 0.3554 0.5064
1159 0.3552 0.5062
1160 0.3549 0.5060
1161 0.3547 0.5057
1162 0.3545 0.5055
1163 0.3544 0.5054
1164 0.3543 0.5054
1165 0.3543 0.5054
1166 0.3541 0.5054
1167 0.3540 0.5054
1168 0.3540 0.5054
1169 0.3540 0.5054
1170 0.3539 0.5054
1171 0.3537 0.5053
1172 0.3534 0.5052
1173 0.3532 0.5050
1174 0.3531 0.5050
1175 0.3531 0.5051
1176 0.3532 0.5052
1177 0.3532 0.5052
1178 0.3531 0.5051
1179 0.3530 0.5050
1180 0.3530 0.5050
1181 0.3529 0.5050
1182 0.3527 0.5051
1183 0.3526 0.5050
1184 0.3525 0.5050
1185 0.3524 0.5048
1186 0.3524 0.5047
1187 0.3525 0.5045
1188 0.3525 0.5044
1189 0.3524 0.5044
1190 0.3523 0.5044
1191 0.3521 0.5045
1192 0.3520 0.5046
1193 0.3518 0.5047
1194 0.3517 0.5048
1195 0.3516 0.5048
1196 0.3515 0.5047
1197 0.3515 0.5047
1198 0.3515 0.5047
1199 0.3516 0.5048
1200 0.3517 0.5050
1201 0.3518 0.5052
1202 0.3517 0.5053
1203 0.3516 0.5053
1204 0.3515 0.5053
1205 0.3515 0.5054
1206 0.3516 0.5055
1207 0.3516 0.5056
1208 0.3516 0.5057
1209 0.3516 0.5057
1210 0.3515 0.5058
1211 0.3516 0.5059
1212 0.3516 0.5060
1213 0.3517 0.5061
1214 0.3516 0.5061
1215 0.3515 0.5062
1216 0.3515 0.5062
1217 0.3515 0.5064
1218 0.3517 0.5067
1219 0.3517 0.5068
1220 0.3517 0.5069
1221 0.3515 0.5070
1222 0.3515 0.5071
1223 0.3514 0.5071
1224 0.3514 0.5072
1225 0.3515 0.5073
1226 0.3514 0.5073
1227 0.3513 0.5073
1228 0.3513 0.5072
1229 0.3512 0.5073
1230 0.3512 0.5074
1231 0.3512 0.5075
1232 0.3512 0.5075
1233 0.3512 0.5076
1234 0.3512 0.5077
1235 0.3512 0.5078
1236 0.3512 0.5079
1237 0.3511 0.5080
1238 0.3510 0.5080
1239 0.3508 0.5080
1240 0.3508 0.5080
1241 0.3507 0.5082
1242 0.3506 0.5083
1243 0.3507 0.5083
1244 0.3507 0.5083
1245 0.3507 0.5084
1246 0.3506 0.5084
1247 0.3506 0.5085
1248 0.3505 0.5086
1249 0.3505 0.5086
1250 0.3504 0.5086
1251 0.3505 0.5086
1252 0.3505 0.5086
1253 0.3504 0.5087
1254 0.3503 0.5087
1255 0.3502 0.5087
1256 0.3501 0.5087
1257 0.3499 0.5087
1258 0.3499 0.5086
1259 0.3498 0.5086
1260 0.3498 0.5086
1261 0.3498 0.5087
1262 0.3498 0.5087
1263 0.3497 0.5088
1264 0.3496 0.5088
1265 0.3495 0.5088
1266 0.3493 0.5088
1267 0.3493 0.5088
1268 0.3492 0.5087
1269 0.3492 0.5086
1270 0.3491 0.5085
1271 0.3489 0.5084
1272 0.3487 0.5083
1273 0.3485 0.5082
1274 0.3482 0.5081
1275 0.3480 0.5080
1276 0.3478 0.5079
1277 0.3477 0.5078
1278 0.3476 0.5077
1279 0.3475 0.5076
1280 0.3472 0.5074
1281 0.3470 0.5072
1282 0.3467 0.5071
1283 0.3464 0.5069
1284 0.3461 0.5067
1285 0.3458 0.5065
1286 0.3457 0.5064
1287 0.3455 0.5062
1288 0.3453 0.5061
1289 0.3451 0.5059
1290 0.3450 0.5056
1291 0.3447 0.5054
1292 0.3445 0.5051
1293 0.3442 0.5049
1294 0.3439 0.5046
1295 0.3435 0.5044
1296 0.3431 0.5042
1297 0.3427 0.5039
1298 0.3424 0.5036
1299 0.3421 0.5034
1300 0.3419 0.5032
1301 0.3414 0.5028
1302 0.3412 0.5026
1303 0.3408 0.5024
1304 0.3404 0.5021
1305 0.3400 0.5018
1306 0.3395 0.5011
1307 0.3391 0.5007
1308 0.3387 0.5002
1309 0.3383 0.4996
1310 0.3379 0.4991
1311 0.3376 0.4986
1312 0.3371 0.4981
1313 0.3364 0.4974
1314 0.3358 0.4968
1315 0.3351 0.4962
1316 0.3346 0.4957
1317 0.3340 0.4951
1318 0.3333 0.4944
1319 0.3326 0.4936
1320 0.3317 0.4927
1321 0.3310 0.4919
1322 0.3302 0.4911
1323 0.3295 0.4903
1324 0.3288 0.4895
1325 0.3284 0.4890
1326 0.3277 0.4881
1327 0.3266 0.4870
1328 0.3255 0.4858
1329 0.3245 0.4847
1330 0.3238 0.4840
1331 0.3232 0.4832
1332 0.3225 0.4824
1333 0.3216 0.4814
1334 0.3203 0.4802
1335 0.3190 0.4788
1336 0.3179 0.4776
1337 0.3168 0.4764
1338 0.3159 0.4754
1339 0.3152 0.4745
1340 0.3146 0.4737
1341 0.3139 0.4728
1342 0.3129 0.4717
1343 0.3120 0.4708
1344 0.3108 0.4696
1345 0.3093 0.4682
1346 0.3078 0.4668
1347 0.3064 0.4655
1348 0.3052 0.4643
1349 0.3045 0.4634
1350 0.3034 0.4622
1351 0.3025 0.4613
1352 0.3014 0.4601
1353 0.3004 0.4591
1354 0.2994 0.4580
1355 0.2986 0.4570
1356 0.2976 0.4557
1357 0.2970 0.4545
1358 0.2961 0.4533
1359 0.2958 0.4526
1360 0.2955 0.4522
1361 0.2948 0.4515
1362 0.2938 0.4506
1363 0.2924 0.4496
1364 0.2914 0.4488
1365 0.2904 0.4479
1366 0.2890 0.4464
1367 0.2882 0.4453
1368 0.2869 0.4435
1369 0.2855 0.4416
1370 0.2839 0.4395
1371 0.2818 0.4370
1372 0.2796 0.4342
1373 0.2777 0.4317
1374 0.2751 0.4286
1375 0.2720 0.4251
1376 0.2696 0.4218
1377 0.2666 0.4180
1378 0.2636 0.4141
1379 0.2602 0.4098
1380 0.2578 0.4062
1381 0.2537 0.4014
1382 0.2495 0.3965
1383 0.2445 0.3910
1384 0.2406 0.3860
1385 0.2350 0.3799
1386 0.2295 0.3736
1387 0.2241 0.3671
1388 0.2180 0.3602
1389 0.2138 0.3542
1390 0.2078 0.3470
1391 0.2024 0.3401
1392 0.1970 0.3331
1393 0.1919 0.3263
1394 0.1861 0.3190
1395 0.1823 0.3128
1396 0.1775 0.3062
1397 0.1720 0.2993
1398 0.1672 0.2930
1399 0.1627 0.2869
1400 0.1584 0.2810
1401 0.1542 0.2753
1402 0.1498 0.2695
1403 0.1462 0.2642
1404 0.1430 0.2593
1405 0.1405 0.2548
1406 0.1374 0.2502
1407 0.1345 0.2459
1408 0.1318 0.2418
1409 0.1290 0.2378
1410 0.1264 0.2342
1411 0.1243 0.2308
1412 0.1222 0.2276
1413 0.1204 0.2246
1414 0.1185 0.2218
1415 0.1168 0.2192
1416 0.1152 0.2168
1417 0.1137 0.2146
1418 0.1122 0.2124
1419 0.1109 0.2105
1420 0.1097 0.2087
1421 0.1085 0.2070
1422 0.1074 0.2055
1423 0.1063 0.2040
1424 0.1053 0.2027
1425 0.1041 0.2013
1426 0.1031 0.2002
1427 0.1023 0.1992
1428 0.1016 0.1983
1429 0.1009 0.1975
1430 0.1001 0.1966
1431 0.0996 0.1959
1432 0.0989 0.1952
1433 0.0984 0.1948
1434 0.0977 0.1943
1435 0.0972 0.1938
1436 0.0967 0.1934
1437 0.0962 0.1931
1438 0.0958 0.1928
1439 0.0955 0.1925
1440 0.0952 0.1923
1441 0.0948 0.1921
1442 0.0946 0.1920
1443 0.0944 0.1921
1444 0.0941 0.1922
1445 0.0940 0.1924
1446 0.0938 0.1925
1447 0.0937 0.1926
1448 0.0936 0.1927
1449 0.0936 0.1929
1450 0.0935 0.1930
1451 0.0936 0.1931
1452 0.0936 0.1933
1453 0.0936 0.1936
1454 0.0936 0.1940
1455 0.0937 0.1944
1456 0.0938 0.1949
1457 0.0939 0.1953
1458 0.0941 0.1959
1459 0.0943 0.1965
1460 0.0944 0.1970
1461 0.0948 0.1976
1462 0.0952 0.1983
1463 0.0956 0.1991
1464 0.0961 0.2001
1465 0.0967 0.2012
1466 0.0971 0.2022
1467 0.0980 0.2035
1468 0.0986 0.2047
1469 0.0993 0.2060
1470 0.1001 0.2075
1471 0.1008 0.2089
1472 0.1014 0.2103
1473 0.1025 0.2119
1474 0.1032 0.2133
1475 0.1043 0.2151
1476 0.1052 0.2166
1477 0.1061 0.2181
1478 0.1072 0.2197
1479 0.1081 0.2213
1480 0.1093 0.2232
1481 0.1100 0.2248
1482 0.1110 0.2266
1483 0.1118 0.2283
1484 0.1129 0.2301
1485 0.1138 0.2317
1486 0.1147 0.2332
1487 0.1159 0.2350
1488 0.1169 0.2366
1489 0.1183 0.2385
1490 0.1192 0.2400
1491 0.1206 0.2420
1492 0.1215 0.2438
1493 0.1228 0.2458
1494 0.1237 0.2476
1495 0.1251 0.2497
1496 0.1263 0.2516
1497 0.1276 0.2536
1498 0.1288 0.2556
1499 0.1299 0.2573
1500 0.1314 0.2591
1501 0.1323 0.2607
1502 0.1337 0.2626
1503 0.1349 0.2645
1504 0.1363 0.2665
1505 0.1377 0.2683
1506 0.1387 0.2700
1507 0.1401 0.2718
1508 0.1410 0.2734
1509 0.1425 0.2753
1510 0.1439 0.2772
1511 0.1451 0.2789
1512 0.1465 0.2808
1513 0.1474 0.2825
1514 0.1488 0.2844
1515 0.1503 0.2863
1516 0.1513 0.2878
1517 0.1528 0.2895
1518 0.1542 0.2912
1519 0.1552 0.2927
1520 0.1565 0.2944
1521 0.1579 0.2962
1522 0.1589 0.2978
1523 0.1603 0.2996
1524 0.1617 0.3014
1525 0.1627 0.3030
1526 0.1640 0.3048
1527 0.1652 0.3065
1528 0.1662 0.3080
1529 0.1674 0.3095
1530 0.1685 0.3110
1531 0.1699 0.3126
1532 0.1708 0.3140
1533 0.1721 0.3156
1534 0.1734 0.3171
1535 0.1746 0.3185
1536 0.1756 0.3198
1537 0.1768 0.3212
1538 0.1778 0.3227
1539 0.1791 0.3243
1540 0.1801 0.3258
1541 0.1810 0.3271
1542 0.1821 0.3286
1543 0.1832 0.3302
1544 0.1845 0.3317
1545 0.1853 0.3330
1546 0.1862 0.3343
1547 0.1874 0.3357
1548 0.1885 0.3370
1549 0.1895 0.3383
1550 0.1904 0.3396
1551 0.1913 0.3408
1552 0.1921 0.3419
1553 0.1932 0.3431
1554 0.1941 0.3443
1555 0.1951 0.3455
1556 0.1960 0.3467
1557 0.1969 0.3479
1558 0.1974 0.3488
1559 0.1982 0.3498
1560 0.1989 0.3509
1561 0.1997 0.3519
1562 0.2005 0.3529
1563 0.2013 0.3539
1564 0.2020 0.3548
1565 0.2029 0.3559
1566 0.2035 0.3569
1567 0.2043 0.3579
1568 0.2049 0.3589
1569 0.2056 0.3599
1570 0.2064 0.3608
1571 0.2070 0.3618
1572 0.2078 0.3628
1573 0.2085 0.3638
1574 0.2093 0.3648
1575 0.2098 0.3657
1576 0.2107 0.3667
1577 0.2112 0.3676
1578 0.2118 0.3684
1579 0.2126 0.3692
1580 0.2132 0.3699
1581 0.2140 0.3707
1582 0.2148 0.3715
1583 0.2155 0.3726
1584 0.2160 0.3735
1585 0.2167 0.3744
1586 0.2173 0.3753
1587 0.2179 0.3762
1588 0.2184 0.3768
1589 0.2191 0.3776
1590 0.2197 0.3783
1591 0.2204 0.3791
1592 0.2212 0.3799
1593 0.2220 0.3809
1594 0.2227 0.3819
1595 0.2234 0.3828
1596 0.2237 0.3835
1597 0.2243 0.3842
1598 0.2248 0.3848
1599 0.2254 0.3857
1600 0.2261 0.3864
1601 0.2266 0.3871
1602 0.2270 0.3877
1603 0.2278 0.3886
1604 0.2282 0.3892
1605 0.2289 0.3900
1606 0.2293 0.3906
1607 0.2297 0.3913
1608 0.2300 0.3917
1609 0.2305 0.3924
1610 0.2308 0.3929
1611 0.2312 0.3936
1612 0.2316 0.3942
1613 0.2321 0.3950
1614 0.2325 0.3956
1615 0.2329 0.3962
1616 0.2332 0.3966
1617 0.2336 0.3971
1618 0.2339 0.3975
1619 0.2345 0.3981
1620 0.2347 0.3984
1621 0.2351 0.3991
1622 0.2355 0.3996
1623 0.2359 0.4003
1624 0.2364 0.4009
1625 0.2367 0.4015
1626 0.2369 0.4018
1627 0.2374 0.4023
1628 0.2375 0.4026
1629 0.2379 0.4030
1630 0.2382 0.4034
1631 0.2384 0.4038
1632 0.2384 0.4041
1633 0.2387 0.4047
1634 0.2390 0.4052
1635 0.2393 0.4057
1636 0.2394 0.4060
1637 0.2398 0.4064
1638 0.2398 0.4067
1639 0.2401 0.4071
1640 0.2401 0.4073
1641 0.2405 0.4078
1642 0.2406 0.4080
1643 0.2410 0.4085
1644 0.2412 0.4087
1645 0.2415 0.4090
1646 0.2417 0.4090
1647 0.2421 0.4093
1648 0.2421 0.4093
1649 0.2425 0.4097
1650 0.2425 0.4098
1651 0.2425 0.4099
1652 0.2424 0.4099
1653 0.2427 0.4102
1654 0.2423 0.4100
1655 0.2423 0.4101
1656 0.2421 0.4101
1657 0.2422 0.4103
1658 0.2418 0.4101
1659 0.2416 0.4100
1660 0.2414 0.4100
1661 0.2413 0.4099
1662 0.2410 0.4096
1663 0.2409 0.4096
1664 0.2405 0.4094
1665 0.2405 0.4094
1666 0.2401 0.4091
1667 0.2400 0.4089
1668 0.2397 0.4086
1669 0.2395 0.4085
1670 0.2395 0.4085
1671 0.2404 0.4093
1672 0.2399 0.4091
1673 0.2398 0.4092
1674 0.2394 0.4091
1675 0.2391 0.4090
1676 0.2386 0.4087
1677 0.2385 0.4085
1678 0.2381 0.4082
1679 0.2379 0.4079
1680 0.2374 0.4076
1681 0.2372 0.4073
1682 0.2366 0.4069
1683 0.2363 0.4065
1684 0.2360 0.4062
1685 0.2357 0.4057
1686 0.2352 0.4052
1687 0.2349 0.4048
1688 0.2344 0.4043
1689 0.2342 0.4041
1690 0.2336 0.4036
1691 0.2334 0.4033
1692 0.2331 0.4030
1693 0.2329 0.4026
1694 0.2324 0.4020
1695 0.2320 0.4016
1696 0.2316 0.4011
1697 0.2313 0.4006
1698 0.2309 0.4001
1699 0.2304 0.3996
1700 0.2298 0.3992
1701 0.2293 0.3987
1702 0.2288 0.3982
1703 0.2285 0.3979
1704 0.2280 0.3974
1705 0.2277 0.3971
1706 0.2271 0.3966
1707 0.2268 0.3961
1708 0.2262 0.3955
1709 0.2260 0.3951
1710 0.2255 0.3944
1711 0.2251 0.3940
1712 0.2246 0.3935
1713 0.2243 0.3931
1714 0.2238 0.3927
1715 0.2235 0.3923
1716 0.2231 0.3920
1717 0.2228 0.3916
1718 0.2223 0.3909
1719 0.2220 0.3905
1720 0.2214 0.3899
1721 0.2211 0.3896
1722 0.2206 0.3893
1723 0.2203 0.3889
1724 0.2200 0.3885
1725 0.2196 0.3879
1726 0.2192 0.3873
1727 0.2192 0.3870
1728 0.2189 0.3866
1729 0.2187 0.3862
1730 0.2184 0.3858
1731 0.2183 0.3858
1732 0.2181 0.3856
1733 0.2180 0.3854
1734 0.2176 0.3850
1735 0.2175 0.3848
1736 0.2175 0.3846
1737 0.2172 0.3843
1738 0.2169 0.3839
1739 0.2167 0.3837
1740 0.2163 0.3834
1741 0.2160 0.3831
1742 0.2157 0.3826
1743 0.2155 0.3821
1744 0.2150 0.3815
1745 0.2146 0.3808
1746 0.2141 0.3801
1747 0.2138 0.3794
1748 0.2133 0.3786
1749 0.2129 0.3779
1750 0.2124 0.3772
1751 0.2119 0.3765
1752 0.2112 0.3756
1753 0.2108 0.3749
1754 0.2105 0.3740
1755 0.2100 0.3731
1756 0.2094 0.3723
1757 0.2088 0.3716
1758 0.2083 0.3710
1759 0.2079 0.3705
1760 0.2072 0.3699
1761 0.2067 0.3693
1762 0.2065 0.3688
1763 0.2062 0.3680
1764 0.2058 0.3671
1765 0.2055 0.3664
1766 0.2054 0.3657
1767 0.2052 0.3653
1768 0.2047 0.3651
1769 0.2043 0.3652
1770 0.2039 0.3654
1771 0.2037 0.3658
1772 0.2037 0.3662
1773 0.2032 0.3660
1774 0.2031 0.3659
1775 0.2029 0.3655
1776 0.2029 0.3650
1777 0.2032 0.3645
1778 0.2033 0.3640
1779 0.2033 0.3633
1780 0.2032 0.3630
1781 0.2030 0.3630
1782 0.2027 0.3632
1783 0.2023 0.3635
1784 0.2019 0.3639
1785 0.2014 0.3641
1786 0.2011 0.3642
1787 0.2008 0.3639
1788 0.2009 0.3636
1789 0.2010 0.3631
1790 0.2010 0.3626
1791 0.2012 0.3622
1792 0.2012 0.3619
1793 0.2012 0.3619
1794 0.2012 0.3621
1795 0.2012 0.3623
1796 0.2011 0.3623
1797 0.2011 0.3627
1798 0.2014 0.3630
1799 0.2015 0.3631
1800 0.2016 0.3630
1801 0.2019 0.3633
1802 0.2020 0.3634
1803 0.2022 0.3634
1804 0.2024 0.3633
1805 0.2027 0.3633
1806 0.2028 0.3633
1807 0.2029 0.3633
1808 0.2027 0.3633
1809 0.2026 0.3635
1810 0.2026 0.3637
1811 0.2024 0.3637
1812 0.2023 0.3637
1813 0.2024 0.3637
1814 0.2025 0.3636
1815 0.2027 0.3634
1816 0.2026 0.3630
1817 0.2028 0.3627
1818 0.2028 0.3625
1819 0.2029 0.3623
1820 0.2029 0.3623
1821 0.2029 0.3624
1822 0.2027 0.3626
1823 0.2027 0.3628
1824 0.2025 0.3628
1825 0.2027 0.3631
1826 0.2026 0.3631
1827 0.2024 0.3629
1828 0.2020 0.3627
1829 0.2020 0.3626
1830 0.2017 0.3623
1831 0.2015 0.3621
1832 0.2009 0.3617
1833 0.2006 0.3614
1834 0.2003 0.3609
1835 0.1998 0.3603
1836 0.1996 0.3597
1837 0.1992 0.3591
1838 0.1987 0.3583
1839 0.1982 0.3576
1840 0.1976 0.3569
1841 0.1967 0.3561
1842 0.1959 0.3555
1843 0.1948 0.3546
1844 0.1939 0.3538
1845 0.1928 0.3527
1846 0.1919 0.3513
1847 0.1910 0.3500
1848 0.1896 0.3482
1849 0.1883 0.3464
1850 0.1868 0.3444
1851 0.1857 0.3425
1852 0.1834 0.3397
1853 0.1818 0.3372
1854 0.1801 0.3345
1855 0.1785 0.3314
1856 0.1768 0.3281
1857 0.1747 0.3245
1858 0.1722 0.3207
1859 0.1701 0.3171
1860 0.1672 0.3131
1861 0.1648 0.3093
1862 0.1602 0.3039
1863 0.1570 0.2989
1864 0.1536 0.2937
1865 0.1505 0.2885
1866 0.1467 0.2826
1867 0.1434 0.2767
1868 0.1394 0.2702
1869 0.1363 0.2644
1870 0.1300 0.2566
1871 0.1257 0.2495
1872 0.1215 0.2424
1873 0.1168 0.2348
1874 0.1125 0.2272
1875 0.1075 0.2190
1876 0.1032 0.2111
1877 0.0958 0.2012
1878 0.0908 0.1926
1879 0.0864 0.1842
1880 0.0820 0.1757
1881 0.0771 0.1667
1882 0.0733 0.1584
1883 0.0665 0.1479
1884 0.0625 0.1392
1885 0.0589 0.1311
1886 0.0556 0.1232
1887 0.0522 0.1152
1888 0.0479 0.1063
1889 0.0451 0.0990
1890 0.0429 0.0923
1891 0.0409 0.0860
1892 0.0390 0.0799
1893 0.0365 0.0733
1894 0.0351 0.0680
1895 0.0341 0.0634
1896 0.0333 0.0592
1897 0.0328 0.0554
1898 0.0314 0.0509
1899 0.0310 0.0479
1900 0.0306 0.0452
1901 0.0302 0.0427
1902 0.0294 0.0400
1903 0.0291 0.0380
1904 0.0288 0.0364
1905 0.0286 0.0350
1906 0.0282 0.0333
1907 0.0280 0.0321
1908 0.0278 0.0310
1909 0.0277 0.0301
1910 0.0274 0.0290
1911 0.0273 0.0283
1912 0.0272 0.0275
1913 0.0272 0.0269
1914 0.0270 0.0262
1915 0.0270 0.0257
1916 0.0270 0.0252
1917 0.0269 0.0248
1918 0.0268 0.0244
1919 0.0266 0.0241
1920 0.0265 0.0239
1921 0.0264 0.0237
1922 0.0262 0.0235
1923 0.0261 0.0234
1924 0.0260 0.0232
1925 0.0259 0.0232
1926 0.0258 0.0232
1927 0.0257 0.0232
1928 0.0256 0.0232
1929 0.0255 0.0233
1930 0.0254 0.0234
1931 0.0253 0.0236
1932 0.0253 0.0237
1933 0.0252 0.0238
1934 0.0251 0.0241
1935 0.0251 0.0243
1936 0.0250 0.0246
1937 0.0250 0.0250
1938 0.0249 0.0253
1939 0.0249 0.0256
1940 0.0249 0.0260
1941 0.0248 0.0264
1942 0.0248 0.0268
1943 0.0248 0.0274
1944 0.0248 0.0279
1945 0.0248 0.0283
1946 0.0248 0.0289
1947 0.0248 0.0295
1948 0.0248 0.0299
1949 0.0248 0.0307
1950 0.0248 0.0312
1951 0.0249 0.0321
1952 0.0249 0.0326
1953 0.0250 0.0333
1954 0.0250 0.0341
1955 0.0251 0.0348
1956 0.0251 0.0354
1957 0.0252 0.0364
1958 0.0253 0.0371
1959 0.0253 0.0380
1960 0.0254 0.0388
1961 0.0255 0.0394
1962 0.0256 0.0406
1963 0.0257 0.0413
1964 0.0258 0.0424
1965 0.0259 0.0432
1966 0.0260 0.0441
1967 0.0262 0.0452
1968 0.0263 0.0461
1969 0.0265 0.0473
1970 0.0266 0.0481
1971 0.0269 0.0495
1972 0.0270 0.0503
1973 0.0271 0.0511
1974 0.0273 0.0525
1975 0.0275 0.0535
1976 0.0277 0.0548
1977 0.0279 0.0557
1978 0.0282 0.0572
1979 0.0283 0.0581
1980 0.0286 0.0595
1981 0.0288 0.0606
1982 0.0290 0.0615
1983 0.0293 0.0631
1984 0.0295 0.0641
1985 0.0299 0.0656
1986 0.0301 0.0667
1987 0.0304 0.0681
1988 0.0306 0.0691
1989 0.0310 0.0707
1990 0.0313 0.0718
1991 0.0316 0.0732
1992 0.0319 0.0743
1993 0.0322 0.0758
1994 0.0325 0.0769
1995 0.0329 0.0784
1996 0.0332 0.0795
1997 0.0336 0.0811
1998 0.0339 0.0821
1999 0.0343 0.0837
2000 0.0346 0.0848
2001 0.0349 0.0858
2002 0.0353 0.0874
2003 0.0358 0.0891
2004 0.0361 0.0901
2005 0.0366 0.0917
2006 0.0369 0.0928
2007 0.0373 0.0943
2008 0.0377 0.0953
2009 0.0381 0.0969
2010 0.0384 0.0978
2011 0.0389 0.0994
2012 0.0392 0.1004
2013 0.0397 0.1020
2014 0.0400 0.1030
2015 0.0405 0.1045
2016 0.0408 0.1056
2017 0.0413 0.1070
2018 0.0416 0.1079
2019 0.0420 0.1093
2020 0.0424 0.1103
2021 0.0428 0.1117
2022 0.0433 0.1131
2023 0.0435 0.1139
2024 0.0440 0.1154
2025 0.0443 0.1163
2026 0.0448 0.1176
2027 0.0450 0.1184
2028 0.0455 0.1197
2029 0.0460 0.1211
2030 0.0462 0.1219
2031 0.0466 0.1230
2032 0.0469 0.1239
2033 0.0474 0.1251
2034 0.0476 0.1259
2035 0.0481 0.1272
2036 0.0485 0.1284
2037 0.0487 0.1290
2038 0.0492 0.1303
2039 0.0494 0.1310
2040 0.0498 0.1321
2041 0.0502 0.1333
2042 0.0505 0.1339
2043 0.0509 0.1351
2044 0.0511 0.1357
2045 0.0515 0.1368
2046 0.0519 0.1379
2047 0.0521 0.1386
2048 0.0526 0.1397
2049 0.0528 0.1404
2050 0.0532 0.1414
2051 0.0536 0.1425
2052 0.0538 0.1431
2053 0.0542 0.1442
2054 0.0546 0.1453
2055 0.0548 0.1459
2056 0.0553 0.1471
2057 0.0555 0.1478
2058 0.0560 0.1490
2059 0.0564 0.1501
2060 0.0567 0.1509
2061 0.0572 0.1521
2062 0.0576 0.1532
2063 0.0580 0.1542
2064 0.0584 0.1553
2065 0.0589 0.1566
2066 0.0592 0.1573
2067 0.0596 0.1585
2068 0.0601 0.1597
2069 0.0604 0.1605
2070 0.0609 0.1616
2071 0.0614 0.1629
2072 0.0617 0.1636
2073 0.0621 0.1648
2074 0.0626 0.1660
2075 0.0629 0.1668
2076 0.0634 0.1679
2077 0.0639 0.1691
2078 0.0642 0.1699
2079 0.0646 0.1710
2080 0.0650 0.1720
2081 0.0653 0.1727
2082 0.0658 0.1739
2083 0.0663 0.1750
2084 0.0665 0.1756
2085 0.0669 0.1767
2086 0.0674 0.1778
2087 0.0679 0.1788
2088 0.0681 0.1796
2089 0.0686 0.1807
2090 0.0690 0.1817
2091 0.0693 0.1824
2092 0.0697 0.1833
2093 0.0702 0.1845
2094 0.0706 0.1855
2095 0.0709 0.1861
2096 0.0712 0.1870
2097 0.0717 0.1881
2098 0.0720 0.1888
2099 0.0724 0.1898
2100 0.0728 0.1907
2101 0.0732 0.1917
2102 0.0735 0.1924
2103 0.0740 0.1935
2104 0.0744 0.1944
2105 0.0748 0.1954
2106 0.0751 0.1960
2107 0.0754 0.1969
2108 0.0758 0.1978
2109 0.0762 0.1987
2110 0.0765 0.1993
2111 0.0768 0.2002
2112 0.0772 0.2010
2113 0.0776 0.2020
2114 0.0778 0.2025
2115 0.0781 0.2033
2116 0.0785 0.2041
2117 0.0789 0.2050
2118 0.0791 0.2056
2119 0.0795 0.2065
2120 0.0799 0.2073
2121 0.0804 0.2084
2122 0.0807 0.2091
2123 0.0809 0.2097
2124 0.0813 0.2106
2125 0.0816 0.2114
2126 0.0820 0.2121
2127 0.0822 0.2127
2128 0.0825 0.2134
2129 0.0828 0.2142
2130 0.0832 0.2149
2131 0.0835 0.2157
2132 0.0837 0.2161
2133 0.0840 0.2169
2134 0.0843 0.2175
2135 0.0845 0.2181
2136 0.0848 0.2188
2137 0.0850 0.2192
2138 0.0852 0.2197
2139 0.0854 0.2203
2140 0.0856 0.2208
2141 0.0859 0.2214
2142 0.0862 0.2220
2143 0.0863 0.2224
2144 0.0865 0.2229
2145 0.0868 0.2235
2146 0.0871 0.2241
2147 0.0873 0.2247
2148 0.0874 0.2250
2149 0.0876 0.2255
2150 0.0879 0.2261
2151 0.0881 0.2267
2152 0.0884 0.2272
2153 0.0886 0.2278
2154 0.0887 0.2282
2155 0.0889 0.2286
2156 0.0892 0.2293
2157 0.0894 0.2297
2158 0.0896 0.2302
2159 0.0898 0.2307
2160 0.0900 0.2312
2161 0.0901 0.2314
2162 0.0903 0.2320
2163 0.0905 0.2325
2164 0.0907 0.2330
2165 0.0909 0.2333
2166 0.0911 0.2338
2167 0.0913 0.2343
2168 0.0915 0.2348
2169 0.0916 0.2351
2170 0.0918 0.2355
2171 0.0920 0.2360
2172 0.0921 0.2365
2173 0.0923 0.2370
2174 0.0926 0.2375
2175 0.0927 0.2379
2176 0.0929 0.2384
2177 0.0931 0.2389
2178 0.0933 0.2394
2179 0.0936 0.2401
2180 0.0939 0.2407
2181 0.0941 0.2411
2182 0.0944 0.2417
2183 0.0946 0.2423
2184 0.0948 0.2428
2185 0.0951 0.2434
2186 0.0953 0.2439
2187 0.0955 0.2444
2188 0.0958 0.2450
2189 0.0960 0.2455
2190 0.0961 0.2459
2191 0.0964 0.2464
2192 0.0966 0.2468
2193 0.0967 0.2473
2194 0.0968 0.2474
2195 0.0969 0.2477
2196 0.0970 0.2480
2197 0.0972 0.2485
2198 0.0973 0.2488
2199 0.0973 0.2489
2200 0.0974 0.2493
2201 0.0976 0.2496
2202 0.0977 0.2499
2203 0.0978 0.2502
2204 0.0978 0.2504
2205 0.0980 0.2507
2206 0.0980 0.2509
2207 0.0981 0.2512
2208 0.0983 0.2516
2209 0.0984 0.2519
2210 0.0985 0.2523
2211 0.0987 0.2527
2212 0.0987 0.2529
2213 0.0988 0.2531
2214 0.0988 0.2533
2215 0.0989 0.2534
2216 0.0988 0.2534
2217 0.0988 0.2535
2218 0.0987 0.2535
2219 0.0987 0.2536
2220 0.0988 0.2537
2221 0.0987 0.2538
2222 0.0987 0.2538
2223 0.0986 0.2537
2224 0.0985 0.2536
2225 0.0984 0.2535
2226 0.0982 0.2532
2227 0.0980 0.2529
2228 0.0978 0.2527
2229 0.0976 0.2522
2230 0.0973 0.2517
2231 0.0971 0.2514
2232 0.0968 0.2509
2233 0.0964 0.2503
2234 0.0961 0.2499
2235 0.0958 0.2492
2236 0.0954 0.2485
2237 0.0949 0.2477
2238 0.0945 0.2470
2239 0.0940 0.2461
2240 0.0934 0.2451
2241 0.0929 0.2441
2242 0.0924 0.2431
2243 0.0918 0.2421
2244 0.0912 0.2410
2245 0.0906 0.2399
2246 0.0899 0.2386
2247 0.0894 0.2375
2248 0.0887 0.2364
2249 0.0881 0.2352
2250 0.0875 0.2341
2251 0.0870 0.2330
2252 0.0864 0.2319
2253 0.0856 0.2304
2254 0.0851 0.2293
2255 0.0844 0.2280
2256 0.0838 0.2269
2257 0.0833 0.2258
2258 0.0827 0.2248
2259 0.0821 0.2236
2260 0.0816 0.2225
2261 0.0809 0.2213
2262 0.0804 0.2203
2263 0.0799 0.2192
2264 0.0793 0.2180
2265 0.0788 0.2169
2266 0.0783 0.2159
2267 0.0777 0.2148
2268 0.0772 0.2138
2269 0.0767 0.2127
2270 0.0762 0.2117
2271 0.0757 0.2108
2272 0.0753 0.2100
2273 0.0749 0.2091
2274 0.0743 0.2080
2275 0.0739 0.2072
2276 0.0735 0.2062
2277 0.0731 0.2055
2278 0.0727 0.2047
2279 0.0723 0.2039
2280 0.0720 0.2032
2281 0.0716 0.2024
2282 0.0711 0.2014
2283 0.0708 0.2007
2284 0.0703 0.1997
2285 0.0699 0.1988
2286 0.0695 0.1979
2287 0.0689 0.1967
2288 0.0685 0.1958
2289 0.0680 0.1948
2290 0.0675 0.1938
2291 0.0672 0.1930
2292 0.0667 0.1920
2293 0.0664 0.1912
2294 0.0659 0.1903
2295 0.0656 0.1896
2296 0.0652 0.1887
2297 0.0648 0.1880
2298 0.0643 0.1867
2299 0.0640 0.1860
2300 0.0636 0.1851
2301 0.0632 0.1844
2302 0.0628 0.1834
2303 0.0625 0.1829
2304 0.0622 0.1821
2305 0.0619 0.1816
2306 0.0614 0.1803
2307 0.0612 0.1798
2308 0.0609 0.1793
2309 0.0607 0.1788
2310 0.0604 0.1782
2311 0.0603 0.1779
2312 0.0600 0.1773
2313 0.0599 0.1770
2314 0.0594 0.1760
2315 0.0593 0.1758
2316 0.0591 0.1753
2317 0.0589 0.1749
2318 0.0587 0.1745
2319 0.0585 0.1742
2320 0.0583 0.1736
2321 0.0581 0.1732
2322 0.0576 0.1721
2323 0.0575 0.1717
2324 0.0572 0.1711
2325 0.0569 0.1705
2326 0.0567 0.1700
2327 0.0565 0.1695
2328 0.0560 0.1681
2329 0.0558 0.1676
2330 0.0555 0.1669
2331 0.0552 0.1663
2332 0.0549 0.1655
2333 0.0546 0.1647
2334 0.0543 0.1640
2335 0.0537 0.1627
2336 0.0534 0.1620
2337 0.0532 0.1613
2338 0.0528 0.1605
2339 0.0526 0.1598
2340 0.0520 0.1584
2341 0.0518 0.1579
2342 0.0515 0.1570
2343 0.0512 0.1564
2344 0.0510 0.1557
2345 0.0507 0.1551
2346 0.0503 0.1539
2347 0.0501 0.1534
2348 0.0498 0.1528
2349 0.0496 0.1523
2350 0.0494 0.1518
2351 0.0489 0.1506
2352 0.0488 0.1503
2353 0.0486 0.1498
2354 0.0483 0.1491
2355 0.0481 0.1486
2356 0.0480 0.1482
2357 0.0475 0.1470
2358 0.0474 0.1466
2359 0.0472 0.1462
2360 0.0470 0.1456
2361 0.0468 0.1452
2362 0.0463 0.1439
2363 0.0462 0.1435
2364 0.0460 0.1431
2365 0.0458 0.1426
2366 0.0454 0.1414
2367 0.0452 0.1410
2368 0.0449 0.1403
2369 0.0447 0.1396
2370 0.0445 0.1391
2371 0.0441 0.1379
2372 0.0438 0.1373
2373 0.0436 0.1367
2374 0.0435 0.1363
2375 0.0430 0.1349
2376 0.0429 0.1346
2377 0.0426 0.1339
2378 0.0424 0.1331
2379 0.0422 0.1328
2380 0.0418 0.1314
2381 0.0416 0.1309
2382 0.0413 0.1301
2383 0.0411 0.1295
2384 0.0407 0.1283
2385 0.0404 0.1276
2386 0.0402 0.1270
2387 0.0400 0.1265
2388 0.0396 0.1252
2389 0.0394 0.1245
2390 0.0392 0.1239
2391 0.0389 0.1232
2392 0.0385 0.1219
2393 0.0383 0.1212
2394 0.0381 0.1205
2395 0.0379 0.1200
2396 0.0375 0.1187
2397 0.0373 0.1181
2398 0.0371 0.1175
2399 0.0369 0.1169
2400 0.0365 0.1156
2401 0.0363 0.1150
2402 0.0361 0.1142
2403 0.0359 0.1138
2404 0.0355 0.1122
2405 0.0353 0.1116
2406 0.0351 0.1110
2407 0.0347 0.1097
2408 0.0345 0.1090
2409 0.0343 0.1084
2410 0.0341 0.1078
2411 0.0337 0.1066
2412 0.0335 0.1058
2413 0.0333 0.1050
2414 0.0329 0.1036
2415 0.0327 0.1029
2416 0.0324 0.1021
2417 0.0322 0.1014
2418 0.0318 0.1000
2419 0.0316 0.0993
2420 0.0314 0.0985
2421 0.0310 0.0971
2422 0.0308 0.0963
2423 0.0306 0.0955
2424 0.0304 0.0948
2425 0.0300 0.0933
2426 0.0298 0.0926
2427 0.0296 0.0918
2428 0.0292 0.0905
2429 0.0290 0.0897
2430 0.0288 0.0888
2431 0.0284 0.0875
2432 0.0282 0.0867
2433 0.0280 0.0859
2434 0.0279 0.0853
2435 0.0275 0.0838
2436 0.0273 0.0831
2437 0.0271 0.0823
2438 0.0268 0.0810
2439 0.0266 0.0802
2440 0.0264 0.0795
2441 0.0261 0.0781
2442 0.0260 0.0775
2443 0.0258 0.0767
2444 0.0254 0.0753
2445 0.0253 0.0744
2446 0.0251 0.0737
2447 0.0248 0.0724
2448 0.0246 0.0716
2449 0.0244 0.0709
2450 0.0242 0.0696
2451 0.0240 0.0688
2452 0.0238 0.0681
2453 0.0235 0.0667
2454 0.0234 0.0660
2455 0.0233 0.0654
2456 0.0230 0.0640
2457 0.0229 0.0634
2458 0.0227 0.0627
2459 0.0225 0.0615
2460 0.0223 0.0609
2461 0.0222 0.0602
2462 0.0220 0.0590
2463 0.0219 0.0585
2464 0.0218 0.0579
2465 0.0216 0.0569
2466 0.0214 0.0562
2467 0.0212 0.0552
2468 0.0211 0.0545
2469 0.0210 0.0541
2470 0.0208 0.0530
2471 0.0208 0.0526
2472 0.0207 0.0521
2473 0.0205 0.0510
2474 0.0204 0.0505
2475 0.0203 0.0501
2476 0.0202 0.0493
2477 0.0201 0.0488
2478 0.0200 0.0481
2479 0.0199 0.0475
2480 0.0199 0.0471
2481 0.0197 0.0464
2482 0.0197 0.0461
2483 0.0197 0.0459
2484 0.0196 0.0452
2485 0.0195 0.0446
2486 0.0193 0.0435
2487 0.0193 0.0433
2488 0.0193 0.0429
2489 0.0191 0.0419
2490 0.0191 0.0417
2491 0.0190 0.0413
2492 0.0190 0.0407
2493 0.0189 0.0404
2494 0.0189 0.0400
2495 0.0189 0.0398
2496 0.0189 0.0397
2497 0.0188 0.0392
2498 0.0188 0.0391
2499 0.0188 0.0385
2500 0.0188 0.0385
